..11-

vl, 4, 44). 44444. 4444444. 141. 414444. 4444144. 44444. 4444444. 4444111414. 4444. 1444144.
111, 4, 441. 4444. nonme. 4444. 44444111. 4464444414. salvo. 444144. 4444. riam. 44144,

111, 4, 41. 444144. 444444. 1444144111. (14444414. 44144444. 444144. 44444. 114144. 44444.
v1,b,?42. ljovinar. 44444. 4441. 44444414444444. 4444444. 1411. 441444. 444144. 14441444.
vl, 4, 44. 44444. 4444. 4444. 4444. risi. 4414. 44. Ijovine. 4444. numne. 4444. nomm. m ¹
V1‚b,4³. Grabovie. 41444. 4444. 444 ¹). 4444441. 4144414. 4444. 4441444. fissia. 4444444.
V1‚b‚ 43. 144144. 4444. 44. 44444444. 4444. 44444444. Di. (14444414414444444444,
VI, 4, 44. Di. Grabovie. 41444. 444. 444. 44444411). 4144414. 444414. 4441444. 111414. 4444444.
v1‚b‚ 44. {jovium 4444. 4444444444. 4444. 44444444. Di. 44. 64444414. 4444. 444. 41444.
VI, 4, 46. 444444. 1141444. 414. 444444. 444. 4444444. Iovinum. mmor. 44444444. 4444444. nent.
VI, b, 44. 4441. 4414. 47. 444144. Di. Grabovio. 44444. 4444. 44441444. 44444444. 444.
v1,b‚47. 44444444. 444. 44444444. 444 44444444. 444. 444444. 444 4444 ⁴). 48. 4444144.

VI, 4, 48. 4144444. 44144444. 4444444111. 44444414. 4144144441. 444. 444. 4444441. 41144414, “
1144, 48. 444414. 41444141 Grabovie. 49. 414444. 444444. 111414. 414444. totum. 1144144444.
111, 4, 49. 111,,44444414. 4114444. 44444. 1114144. 44444. 14441444. nomo. 4441. nmo. 4144144.
114440. 44444. 4444444141. 41444414441444. 44444. 4444. 444. 4444. Pisi. 4444. 1144144.
111,4,411. 4444. nonme. 4444. numne. Di. 41. (14444414.44144.444144. ocrem. 1114144.
111,4,41. 4414444444144. totam. 1444144441 114444414441444. 444144. 44444. 114144.

111, 4, 52. 44444. ljovinar. nome. 4441. mmo. viro. peqno. 4444444. 1411. ulva. 444144. futu,
111, 4, 52 1444. 44444. 4444. 444. 4444. 4141. 44. 4444. 1444144. 4444. 444444. 4444. nomae,
Vl, 4, 44. m Gmbovie. tiom. 444. 444. 4444441. 4144414. 444414. 444144411414. 4444444.

VI, 4, 44. 1444144. 4444. 44444444. em. 44444444. Di. anovie. 414. 44444444.

v1‚b, 44. 4414414144. buo. 44444414. 4144414. 44. 4441444. 111414. 4444444. 1444144. 4444.
111, 4, 44. 4441444444. 4444. 44444444. Di. (14444414. 41444. 4444444. 44444. 44444144.

VI, 4, 46. novom. 44444. 4441444144 ⁸). 444444444. 444444. 4444444114. 44414. 44414. 4414.
1111446. 44444144.44414.1444.4444. 41. 44444. 4441. vinu. 4441. poni. 1444 44444.144144.1444.-
111, 4, 44. Post. 44414. 444414414. 41. comit. 4411. 1444. ’14444 ⁸). Jovie. 4441444. 111414.
111, 4, 44. 4444444. [jovina. 444444. fetu. arvio. 1444. 49, 4444. 1444. 44444. 44444144.
v1‚b, 49. 44444. 444444. 4444. 444. 44414. 4444144414. 4444444414. 4444414. 4414. 44444144. -
111,4,1. Pro. 44414. 4444444414. 441. 4411. 1444. 414444. 0444444411). 4441444. 41414. 4444444.
111, 4,1. 1344144. 44414. fetu. 444441441441444. 4441. 4. 1444. 44444. 44444144.

111, a‚2 4444444414. 144414. 4414. 44444144. 44444. 444444. 4444. 444. 44414. 4444144414. ·-

111, 44 Post. 44414. 4444444414. 411. filiu. 4414 144411144844414. 444144411414. 44444441144144.

¹) 644444. 441, 44 444114 44444 4444. -· ¹)Demter. porpmn 4444441. · ¹) 644144.
444644444ὲῖιῶῖὲο444444. perperam 4414. - ‘) 644444. 4444144144. - 1) Gruter. Tritoi. -

2&

 

